trial_number,lr,l2,tag_num_gnn_layers,tag_negative_slope,feat_drop,attn_drop,layer_num,loss
0,6.953121e-04,4.296798e-04,4,5.047718e-02,4.952997e-01,1.804475e-01,4,5.000000e-01
0,6.953121e-04,4.296798e-04,4,5.047718e-02,4.952997e-01,1.804475e-01,4,3.000000e-01
1,1.319626e-03,1.695446e-03,2,3.422008e-03,1.830494e-01,4.360518e-01,4,5.000000e-01
1,1.319626e-03,1.695446e-03,2,3.422008e-03,1.830494e-01,4.360518e-01,4,3.000000e-01
2,1.959938e-03,2.307290e-03,4,1.838045e-02,3.391364e-01,2.335042e-01,3,5.000000e-01
2,1.959938e-03,2.307290e-03,4,1.838045e-02,3.391364e-01,2.335042e-01,3,3.000000e-01
3,9.595548e-04,2.351851e-03,4,1.762253e-02,1.929230e-01,3.423558e-01,5,5.000000e-01
3,9.595548e-04,2.351851e-03,4,1.762253e-02,1.929230e-01,3.423558e-01,5,3.000000e-01
4,1.326156e-03,6.058736e-04,3,6.186603e-02,4.514123e-01,1.717668e-01,4,5.000000e-01
4,1.326156e-03,6.058736e-04,3,6.186603e-02,4.514123e-01,1.717668e-01,4,3.000000e-01
5,1.632297e-03,4.797514e-03,4,9.882559e-02,4.319792e-01,3.410612e-01,3,5.000000e-01
5,1.632297e-03,4.797514e-03,4,9.882559e-02,4.319792e-01,3.410612e-01,3,3.000000e-01
6,2.089811e-03,1.358960e-03,2,6.094480e-02,2.536889e-01,1.059375e-01,3,5.000000e-01
6,2.089811e-03,1.358960e-03,2,6.094480e-02,2.536889e-01,1.059375e-01,3,3.000000e-01
7,9.696793e-04,2.047357e-03,3,2.443914e-02,4.216603e-01,3.575924e-01,3,5.000000e-01
7,9.696793e-04,2.047357e-03,3,2.443914e-02,4.216603e-01,3.575924e-01,3,3.000000e-01
8,1.158523e-03,6.088949e-04,2,1.842031e-02,1.983106e-01,1.767223e-01,4,5.000000e-01
8,1.158523e-03,6.088949e-04,2,1.842031e-02,1.983106e-01,1.767223e-01,4,3.000000e-01
9,4.910803e-03,8.258303e-04,5,4.886521e-02,4.620496e-01,3.267174e-01,3,5.000000e-01
9,4.910803e-03,8.258303e-04,5,4.886521e-02,4.620496e-01,3.267174e-01,3,3.000000e-01
10,5.733659e-04,2.451801e-04,5,8.744387e-02,3.387147e-01,2.604435e-01,5,5.000000e-01
10,5.733659e-04,2.451801e-04,5,8.744387e-02,3.387147e-01,2.604435e-01,5,3.000000e-01
11,5.073996e-04,3.187863e-04,3,4.126254e-02,1.484301e-01,4.640328e-01,4,5.000000e-01
11,5.073996e-04,3.187863e-04,3,4.126254e-02,1.484301e-01,4.640328e-01,4,3.000000e-01
12,7.783751e-04,3.986603e-04,2,3.603050e-02,1.148818e-01,4.915968e-01,4,5.000000e-01
12,7.783751e-04,3.986603e-04,2,3.603050e-02,1.148818e-01,4.915968e-01,4,3.000000e-01
13,2.847187e-03,1.216077e-03,4,1.006536e-03,2.824096e-01,4.183373e-01,5,5.000000e-01
13,2.847187e-03,1.216077e-03,4,1.006536e-03,2.824096e-01,4.183373e-01,5,3.000000e-01
14,7.080546e-04,4.327697e-03,3,7.422817e-02,4.985731e-01,4.121862e-01,4,5.000000e-01
14,7.080546e-04,4.327697e-03,3,7.422817e-02,4.985731e-01,4.121862e-01,4,3.000000e-01
15,2.822825e-03,4.566345e-04,5,2.135829e-03,3.686786e-01,2.628404e-01,4,5.000000e-01
15,2.822825e-03,4.566345e-04,5,2.135829e-03,3.686786e-01,2.628404e-01,4,3.000000e-01
16,7.353730e-04,8.668822e-04,2,7.331454e-02,2.414375e-01,1.074407e-01,5,5.000000e-01
16,7.353730e-04,8.668822e-04,2,7.331454e-02,2.414375e-01,1.074407e-01,5,3.000000e-01
17,1.305581e-03,1.633478e-03,3,3.449743e-02,3.824275e-01,1.616963e-01,4,5.000000e-01
17,1.305581e-03,1.633478e-03,3,3.449743e-02,3.824275e-01,1.616963e-01,4,3.000000e-01
18,9.187118e-04,3.238631e-03,4,5.667757e-02,1.024299e-01,2.203447e-01,4,5.000000e-01
18,9.187118e-04,3.238631e-03,4,5.667757e-02,1.024299e-01,2.203447e-01,4,3.000000e-01
19,4.724270e-03,6.284234e-04,5,7.544426e-02,1.765534e-01,3.896878e-01,5,5.000000e-01
19,4.724270e-03,6.284234e-04,5,7.544426e-02,1.765534e-01,3.896878e-01,5,3.000000e-01
20,5.799775e-04,2.152320e-04,2,1.135199e-02,3.043691e-01,2.887579e-01,4,5.000000e-01
20,5.799775e-04,2.152320e-04,2,1.135199e-02,3.043691e-01,2.887579e-01,4,3.000000e-01
21,1.862222e-03,2.529148e-03,4,2.714966e-02,3.207889e-01,2.172817e-01,3,5.000000e-01
21,1.862222e-03,2.529148e-03,4,2.714966e-02,3.207889e-01,2.172817e-01,3,3.000000e-01
22,2.394071e-03,1.880839e-03,4,9.977980e-03,2.411025e-01,2.103716e-01,3,5.000000e-01
22,2.394071e-03,1.880839e-03,4,9.977980e-03,2.411025e-01,2.103716e-01,3,3.000000e-01
23,3.223532e-03,1.252807e-03,4,1.047151e-02,3.932817e-01,2.598668e-01,3,5.000000e-01
23,3.223532e-03,1.252807e-03,4,1.047151e-02,3.932817e-01,2.598668e-01,3,3.000000e-01
24,1.511778e-03,3.152685e-03,3,2.886699e-02,4.959601e-01,1.397056e-01,3,5.000000e-01
24,1.511778e-03,3.152685e-03,3,2.886699e-02,4.959601e-01,1.397056e-01,3,3.000000e-01
25,1.891149e-03,1.540968e-03,4,4.292500e-02,3.621209e-01,2.897903e-01,4,5.000000e-01
25,1.891149e-03,1.540968e-03,4,4.292500e-02,3.621209e-01,2.897903e-01,4,3.000000e-01
26,1.217298e-03,9.719768e-04,5,1.848880e-02,2.839375e-01,1.980051e-01,4,5.000000e-01
26,1.217298e-03,9.719768e-04,5,1.848880e-02,2.839375e-01,1.980051e-01,4,3.000000e-01
27,2.354117e-03,3.045404e-03,3,5.822431e-03,1.461406e-01,2.447259e-01,5,5.000000e-01
27,2.354117e-03,3.045404e-03,3,5.822431e-03,1.461406e-01,2.447259e-01,5,3.000000e-01
28,3.799174e-03,1.114881e-03,4,5.122645e-02,4.077629e-01,4.548794e-01,3,5.000000e-01
28,3.799174e-03,1.114881e-03,4,5.122645e-02,4.077629e-01,4.548794e-01,3,3.000000e-01
29,1.051681e-03,2.078790e-03,4,2.143909e-02,2.097552e-01,3.134803e-01,5,5.000000e-01
29,1.051681e-03,2.078790e-03,4,2.143909e-02,2.097552e-01,3.134803e-01,5,3.000000e-01
30,1.534267e-03,3.884549e-03,5,1.343246e-02,3.429563e-01,1.374334e-01,4,5.000000e-01
30,1.534267e-03,3.884549e-03,5,1.343246e-02,3.429563e-01,1.374334e-01,4,3.000000e-01
31,8.669781e-04,2.407605e-03,4,3.157917e-02,2.099084e-01,3.740152e-01,5,5.000000e-01
31,8.669781e-04,2.407605e-03,4,3.157917e-02,2.099084e-01,3.740152e-01,5,3.000000e-01
32,6.610975e-04,2.396765e-03,4,1.649169e-02,4.567267e-01,4.325253e-01,5,5.000000e-01
32,6.610975e-04,2.396765e-03,4,1.649169e-02,4.567267e-01,4.325253e-01,5,3.000000e-01
33,1.078414e-03,1.628571e-03,4,6.699113e-02,1.633366e-01,1.782201e-01,4,5.000000e-01
33,1.078414e-03,1.628571e-03,4,6.699113e-02,1.633366e-01,1.782201e-01,4,3.000000e-01
34,1.377893e-03,7.343973e-04,3,9.328597e-02,2.589050e-01,3.533797e-01,3,5.000000e-01
34,1.377893e-03,7.343973e-04,3,9.328597e-02,2.589050e-01,3.533797e-01,3,3.000000e-01
35,8.497344e-04,1.887730e-03,4,2.547181e-02,1.833272e-01,2.333292e-01,4,5.000000e-01
35,8.497344e-04,1.887730e-03,4,2.547181e-02,1.833272e-01,2.333292e-01,4,3.000000e-01
36,1.651058e-03,1.455438e-03,3,5.075221e-03,1.348871e-01,3.947999e-01,3,5.000000e-01
36,1.651058e-03,1.455438e-03,3,5.075221e-03,1.348871e-01,3.947999e-01,3,3.000000e-01
37,1.063171e-03,4.994286e-03,4,4.130991e-02,4.380926e-01,3.262635e-01,5,5.000000e-01
37,1.063171e-03,4.994286e-03,4,4.130991e-02,4.380926e-01,3.262635e-01,5,3.000000e-01
38,6.354641e-04,2.516355e-03,2,2.310517e-02,2.234552e-01,4.945706e-01,4,5.000000e-01
38,6.354641e-04,2.516355e-03,2,2.310517e-02,2.234552e-01,4.945706e-01,4,3.000000e-01
39,1.936233e-03,3.069189e-04,5,8.277719e-02,2.641270e-01,1.939513e-01,4,5.000000e-01
39,1.936233e-03,3.069189e-04,5,8.277719e-02,2.641270e-01,1.939513e-01,4,3.000000e-01
40,5.062940e-04,5.422067e-04,4,1.596071e-02,4.777394e-01,2.730280e-01,3,5.000000e-01
40,5.062940e-04,5.422067e-04,4,1.596071e-02,4.777394e-01,2.730280e-01,3,3.000000e-01
41,1.336086e-03,3.882252e-04,2,6.131941e-02,4.373962e-01,1.530390e-01,4,5.000000e-01
41,1.336086e-03,3.882252e-04,2,6.131941e-02,4.373962e-01,1.530390e-01,4,3.000000e-01
42,1.190261e-03,5.021560e-04,3,4.816841e-02,4.655593e-01,1.727185e-01,4,5.000000e-01
42,1.190261e-03,5.021560e-04,3,4.816841e-02,4.655593e-01,1.727185e-01,4,3.000000e-01
43,1.680506e-03,6.864100e-04,3,5.784789e-02,4.793427e-01,2.398412e-01,4,5.000000e-01
43,1.680506e-03,6.864100e-04,3,5.784789e-02,4.793427e-01,2.398412e-01,4,3.000000e-01
44,9.675779e-04,3.425763e-04,2,6.789589e-02,4.182801e-01,1.187320e-01,4,5.000000e-01
44,9.675779e-04,3.425763e-04,2,6.789589e-02,4.182801e-01,1.187320e-01,4,3.000000e-01
45,7.950492e-04,2.651371e-04,3,9.965199e-02,4.486193e-01,1.925245e-01,4,5.000000e-01
45,7.950492e-04,2.651371e-04,3,9.965199e-02,4.486193e-01,1.925245e-01,4,3.000000e-01
46,2.336897e-03,4.327535e-04,4,3.751791e-02,1.305332e-01,3.377915e-01,5,5.000000e-01
46,2.336897e-03,4.327535e-04,4,3.751791e-02,1.305332e-01,3.377915e-01,5,3.000000e-01
47,9.825046e-04,8.366430e-04,2,4.768565e-03,1.886762e-01,4.664080e-01,4,5.000000e-01
47,9.825046e-04,8.366430e-04,2,4.768565e-03,1.886762e-01,4.664080e-01,4,3.000000e-01
48,1.222113e-03,3.726026e-03,3,8.025522e-02,1.648597e-01,1.299748e-01,4,5.000000e-01
48,1.222113e-03,3.726026e-03,3,8.025522e-02,1.648597e-01,1.299748e-01,4,3.000000e-01
49,1.430454e-03,2.133415e-03,5,6.523925e-02,3.300132e-01,1.533197e-01,5,5.000000e-01
49,1.430454e-03,2.133415e-03,5,6.523925e-02,3.300132e-01,1.533197e-01,5,3.000000e-01
